[gd_scene load_steps=8 format=3 uid="uid://houxlwtnpp7o"]

[ext_resource type="PackedScene" uid="uid://ctsmklk6rrfmm" path="res://block.tscn" id="1_sbehf"]
[ext_resource type="PackedScene" uid="uid://dllwsv3qclh7i" path="res://steve.tscn" id="2_uuurd"]
[ext_resource type="Texture2D" uid="uid://dalhp2k3uh4aw" path="res://icon.svg" id="3_kwnmx"]
[ext_resource type="Script" path="res://sprite_3d.gd" id="4_l7vx1"]
[ext_resource type="PackedScene" uid="uid://bgsps4sl0qn0n" path="res://coin.tscn" id="5_epvar"]

[sub_resource type="BoxMesh" id="BoxMesh_23awp"]
size = Vector3(10, 0.5, 10)

[sub_resource type="BoxShape3D" id="BoxShape3D_k148o"]
size = Vector3(10, 0.5, 10)

[node name="Level1" type="Node3D"]

[node name="Camera3D" type="Camera3D" parent="."]
transform = Transform3D(1, 0, 0, 0, 0.920164, 0.391534, 0, -0.391534, 0.920164, -0.148284, 4.10777, 12.1596)
fov = 48.9945

[node name="Floor" type="StaticBody3D" parent="."]
transform = Transform3D(1, 0, 0, 0, 1, 0, 0, 0, 1, 0, -0.262221, 0)
metadata/_edit_group_ = true

[node name="MeshInstance3D" type="MeshInstance3D" parent="Floor"]
mesh = SubResource("BoxMesh_23awp")

[node name="CollisionShape3D" type="CollisionShape3D" parent="Floor"]
shape = SubResource("BoxShape3D_k148o")

[node name="DirectionalLight3D" type="DirectionalLight3D" parent="."]
transform = Transform3D(1, 0, 0, 0, 0.486183, 0.873857, 0, -0.873857, 0.486183, 0, 4.8461, 0)
shadow_enabled = true

[node name="Blocks" type="Node3D" parent="."]

[node name="Block1" parent="Blocks" instance=ExtResource("1_sbehf")]
transform = Transform3D(0.921029, -0.337311, -0.194747, 0.389494, 0.797635, 0.460515, 0, -0.5, 0.866025, 2.13281, 2.12098, 0)

[node name="Block2" parent="Blocks" instance=ExtResource("1_sbehf")]
transform = Transform3D(0.968414, 0.215943, 0.124675, -0.249349, 0.838671, 0.484207, 0, -0.5, 0.866026, 2.13281, 5.61437, 0)

[node name="Block3" parent="Blocks" instance=ExtResource("1_sbehf")]
transform = Transform3D(0.921029, -0.337311, -0.194747, 0.389494, 0.797635, 0.460515, 0, -0.5, 0.866025, 2.13281, 4, 0)

[node name="Block4" parent="Blocks" instance=ExtResource("1_sbehf")]
transform = Transform3D(0.921029, -0.337311, -0.194747, 0.361952, 0.556553, 0.747823, -0.143862, -0.759256, 0.634692, -0.183155, 4.88202, 0)

[node name="Steve" parent="." instance=ExtResource("2_uuurd")]
transform = Transform3D(1, 0, 0, 0, 1, 0, 0, 0, 1, 0.43924, 0.784275, 2.52756)

[node name="Sprite3D" type="Sprite3D" parent="."]
transform = Transform3D(1, 0, 0, 0, 1, 0, 0, 0, 1, -2.13395, 1.15942, 0)
texture = ExtResource("3_kwnmx")
script = ExtResource("4_l7vx1")

[node name="Coin" parent="." instance=ExtResource("5_epvar")]
transform = Transform3D(-4.37114e-08, 1, 0, -1, -4.37114e-08, 0, 0, 0, 1, -3.41499, 0.912142, 3.03243)
